Solution for practice 2_10_a
    6     1        1    1
    1     1        1    1     0.0    0.0    0.0
    2     0        0    1    20.0    0.0    0.0
    3     0        1    1    40.0    0.0    0.0
    4     0        0    1     0.0   10.0    0.0
    5     0        0    1    20.0   10.0    0.0
    6     0        0    1    40.0   10.0    0.0
    1     1
    5     2     -1.0
    1    11        1
    1    1.5e11 0.01
    1     1        4    1
    2     1        5    1
    3     4        2    1
    4     4        5    1
    5     1        2    1
    6     2        5    1
    7     5        3    1
    8     2        6    1
    9     5        6    1
    10    2        3    1
    11    3        6    1  

